Account capital: 0.22659102 Account risk: 1.00%
Entry: 8060.00
Exit: 7880.00
Stop Loss: 8100.00
Position: 3697.31
Leverage: 2.025000
Profit: 0.01048127 BTC 82.59 USD
Cost: 0.22652975
